11
-41
1
-65
74
2
-29
102
-44
-111
28
23
-53
80
-67
123
105
-114
112
-104
-71
49
100
-102
-123
-27
-9
67
-10
34
-20
82
-116
-89
-43
-98
49
113
-3
53
-28
121
-38
43
121
69
-70
12
14
53
-88
-121
-102
-59
89
-8
109
24
-71
17
79
75
-30
107
-59
-33
44
88
90
-55
-126
7
-27
-39
-31
112
-28
-81
-7
58
-29
-88
29
-69
97
-47
91
59
11
-47
-80
-99
-82
-24
-104
-102
73
-90
-99
107
-12
-4
-13
109
-93
125
-55
-31
-80
-62
-101
60
4
104
102
-3
93
124
-91
-70
-52
43
50
-37
29
23
-119
13
45
-42
102
-69
-110
-7
96
98
-29
-52
-9
9
-30
21
75
13
-83
-119
118
38
-58
2
47
-72
64
-16
-108
56
82
-7
99
-45
58
27
-36
-30
8
96
-76
89
-86
92
24
-73
-124
-78
-92
-59
-87
16
-94
15
-67
-89
-104
48
49
111
-98
52
-21
-60
10
112
84
-31
91
-62
-77
-116
9
31
110
31
6
-60
-111
-43
-88
-24
-98
-35
83
-17
-102
68
-126
-68
3
-12
-10
107
75
-98
95
76
30
4
-128
-116
19
-39
-30
-127
88
38
23
67
-70
101
-13
63
27
30
-45
-94
-125
-43
51
51
-30
-58
-85
67
-97
-67
-112
13
-43
-37
103
97
53
-104
38
-50
-108
-83
-50
-36
87
31
-40
84
98
38
-104
-27
15
44
-94
-73
-22
122
-38
-53
8
76
-52
-56
-2
-38
9
81
-98
-66
-128
104
49
118
61
-66
37
63
-38
-87
-119
52
121
-17
126
108
-33
-90
-99
-116
-83
40
-74
94
-17
-97
0
-107
15
21
-21
-67
-110
-83
9
-39
-34
-78
72
-121
118
-71
-55
-93
31
74
8
9
-23
-79
82
113
-18
32
-32
7
54
19
116
114
-75
-29
123
19
52
107
91
8
-126
-79
-51
21
54
33
-96
62
37
-56
-12
-40
-61
-44
94
-17
1
-77
17
-30
1
-26
61
-78
6
-1
-16
-44
-116
-3
-8
-111
94
-50
-96
90
-85
106
59
-117
-37
-100
107
77
61
-59
-51
-28
-37
-70
56
53
-77
-52
-70
-2
121
73
-93
-70
25
119
-105
-124
121
7
-36
-58
-4
-119
0
15
69
95
-34
68
86
96
-107
-111
-128
83
9
41
-69
-12
87
84
2
108
72
-112
69
65
-52
-45
-117
-56
84
12
-26
28
45
23
29
-50
-96
47
-68
43
36
-95
35
78
87
-109
-128
62
-41
7
-49
92
-96
120
101
58
39
21
119
0
-83
-52
-106
-47
-7
-69
108
46
-101
101
84
116
-96
78
-55
-68
17
62
-93
-113
11
-41
1
-65
74
2
-29
102
-44
-111
28
23
-53
80
-67
123
105
-114
112
-104
-71
49
100
-102
-123
-27
-9
67
-10
34
-20
82
-116
-89
-43
-98
49
113
-3
53
-28
121
-38
43
121
69
-70
12
14
53
-88
-121
-102
-59
89
-8
109
24
-71
17
79
75
-30
107
-59
-33
44
88
90
-55
-126
7
-27
-39
-31
112
-28
-81
-7
58
-29
-88
29
-69
97
-47
91
59
11
-47
-80
-99
-82
-24
-104
-102
73
-90
-99
107
-12
-4
-13
109
-93
125
-55
-31
-80
-62
-101
60
4
104
102
-3
93
124
-91
-70
-52
43
50
-37
29
23
-119
13
45
-42
102
-69
-110
-7
96
98
-29
-52
-9
9
-30
21
75
13
-83
-119
118
38
-58
2
47
-72
64
-16
-108
56
82
-7
99
-45
58
27
-36
-30
8
96
-76
89
-86
92
24
-73
-124
-78
-92
-59
-87
16
-94
15
-67
-89
-104
48
49
111
-98
52
-21
-60
10
112
84
-31
91
-62
-77
-116
9
31
110
31
6
-60
-111
-43
-88
-24
-98
-35
83
-17
-102
68
-126
-68
3
-12
-10
107
75
-98
95
76
30
4
-128
-116
19
-39
-30
-127
88
38
23
67
-70
101
-13
63
27
30
-45
-94
-125
-43
51
51
-30
-58
-85
67
-97
-67
-112
13
-43
-37
103
97
53
-104
38
-50
-108
-83
-50
-36
87
31
-40
84
98
38
-104
-27
15
44
-94
-73
-22
122
-38
-53
8
76
-52
-56
-2
-38
9
81
-98
-66
-128
104
49
118
61
-66
37
63
-38
-87
-119
52
121
-17
126
108
-33
-90
-99
-116
-83
40
-74
94
-17
-97
0
-107
15
21
-21
-67
-110
-83
9
-39
-34
-78
72
-121
118
-71
-55
-93
31
74
8
9
-23
-79
82
113
-18
32
-32
7
54
19
116
114
-75
-29
123
19
52
107
91
8
-126
-79
-51
21
54
33
-96
62
37
-56
-12
-40
-61
-44
94
-17
1
-77
17
-30
1
-26
61
-78
6
-1
-16
-44
-116
-3
-8
-111
94
-50
-96
90
-85
106
59
-117
-37
-100
107
77
61
-59
-51
-28
-37
-70
56
53
-77
-52
-70
-2
121
73
-93
-70
25
119
-105
-124
121
7
-36
-58
-4
-119
8
15
69
95
-34
68
86
96
-107
-111
-128
83
9
41
-69
-12
87
84
2
108
72
-112
69
65
-52
-45
-117
-56
84
12
-26
28
45
23
29
-50
-96
47
-68
43
36
-95
35
78
87
-109
-128
62
-41
7
-49
92
-96
120
101
58
39
21
119
0
-83
-52
-106
-47
-7
-69
108
46
-101
101
84
116
-96
78
-55
-68
17
62
-93
-113
-49
92
-96
120
101
58
39
21
119
0
-83
-52
-106
-47
-7
-69
108
46
-101
101
84
116
-96
78
-55
-68
17
62
-93
-113
11
-41
1
-65
74
2
-29
102
-44
-111
28
23
-53
80
-67
123
105
-114
112
-104
-71
49
100
-102
-123
-27
-9
67
-10
34
-20
82
-116
-89
-43
-98
49
113
-3
53
-28
121
-38
43
121
69
-70
12
14
53
-88
-121
-102
-59
89
-8
109
24
-71
17
79
75
-30
107
-59
-33
44
88
90
-55
-126
7
-27
-39
-31
112
-28
-81
-7
58
-29
-88
29
-69
97
-47
91
59
11
-47
-80
-99
-82
-24
-104
-102
73
-90
-99
107
-12
-4
-13
109
-93
125
-55
-31
-80
-62
-101
60
4
104
102
-3
93
124
-91
-70
-52
43
50
-37
29
23
-119
13
45
-42
102
-69
-110
-7
96
98
-29
-52
-9
9
-30
21
75
13
-83
-119
118
38
-58
2
47
-72
64
-16
-108
56
82
-7
99
-45
58
27
-36
-30
8
96
-76
89
-86
92
24
-73
-124
-78
-92
-59
-87
16
-94
15
-67
-89
-104
48
49
111
-98
52
-21
-60
10
112
84
-31
91
-62
-77
-116
9
31
110
31
6
-60
-111
-43
-88
-24
-98
-35
83
-17
-102
68
-126
-68
3
-12
-10
107
75
-98
95
76
30
4
-128
-116
19
-39
-30
-127
88
38
23
67
-70
101
-13
63
27
30
-45
-94
-125
-43
51
51
-30
-58
-85
67
-97
-67
-112
13
-43
-37
103
97
53
-104
38
-50
-108
-83
-50
-36
87
31
-40
84
98
38
-104
-27
15
44
-94
-73
-22
122
-38
-53
8
76
-52
-56
-2
-38
9
81
-98
-66
-128
104
49
118
61
-66
37
63
-38
-87
-119
52
121
-17
126
108
-33
-90
-99
-116
-83
40
-74
94
-17
-97
0
-107
15
21
-21
-67
-110
-83
9
-39
-34
-78
72
-121
118
-71
-55
-93
31
74
8
9
-23
-79
82
113
-18
32
-32
7
54
19
116
114
-75
-29
123
19
52
107
91
8
-126
-79
-51
21
54
33
-96
62
37
-56
-12
-40
-61
-44
94
-17
1
-77
17
-30
1
-26
61
-78
6
-1
-16
-44
-116
-3
-8
-111
94
-50
-96
90
-85
106
59
-117
-37
-100
107
77
61
-59
-51
-28
-37
-70
56
53
-77
-52
-70
-2
121
73
-93
-70
25
119
-105
-124
121
7
-36
-58
-4
-119
8
15
69
95
-34
68
86
96
-107
-111
-128
83
9
41
-69
-12
87
84
2
108
72
-112
69
65
-52
-45
-117
-56
84
12
-26
28
45
23
29
-50
-96
47
-68
43
36
-95
35
78
87
-109
-128
62
-41
7
-49
92
-96
120
101
58
39
21
119
0
-83
-52
-106
-47
-7
-69
108
46
-101
101
84
116
-96
78
-55
-68
17
62
-93
-113