# 3*3
0000000000000001
2
0 4 1 0 0 0 
0 0 0 0 
3136 0 0 0 
256 144 0 0 0 

1 1 0
1 16 16 1
16 3 3
1401439872 -9 1

1234567890

# 1*1*256
0000000000000010
2
0 4 1 0 0 0 
0 0 0 0 
1024 0 0 0 
16384 4096 0 0 0 

1 1 0
1 8 8 256
16 1 1
1401439872 -9 1

1234567890



# 7*7
0000000000000001
2
0 4 1 0 0 0 
0 0 0 0 
1600 0 0 0 
256 784 0 0 0 

1 1 0
1 16 16 1
16 7 7
1401439872 -9 1

1234567890




# 3*3*3
0000000000000001
2
0 4 1 0 0 0 
0 0 0 0 
57600 0 0 0 
3072 1728 0 0 0 

1 1 0
1 32 32 3
64 3 3
1401439872 -9 1

1234567890









# 9*9
0000000000000001
2
0 4 1 0 0 0 
0 0 0 0 
1024 0 0 0 
256 1296 0 0 0 

1 1 0
1 16 16 1
16 9 9
1401439872 -9 1

1234567890

# 3*3*64
0000000000000001
2
0 4 1 0 0 0 
0 0 0 0 
3136 0 0 0 
16384 144 0 0 0 

1 1 0
1 16 16 64
16 3 3
1401439872 -9 1

1234567890






































